points, hull, time
100, 13, 5
200, 13, 1
300, 18, 2
400, 16, 2
500, 15, 1
600, 15, 3
700, 19, 3
800, 19, 2
900, 15, 3
1000, 20, 3
1100, 19, 2
1200, 21, 2
1300, 20, 3
1400, 18, 1
1500, 18, 3
1600, 23, 1
1700, 18, 2
1800, 20, 2
1900, 19, 3
2000, 19, 2
2100, 17, 2
2200, 19, 2
2300, 18, 3
2400, 20, 2
2500, 18, 2
2600, 19, 2
2700, 22, 4
2800, 22, 4
2900, 23, 2
3000, 22, 3
3100, 19, 3
3200, 22, 2
3300, 25, 3
3400, 24, 2
3500, 22, 3
3600, 21, 2
3700, 18, 1
3800, 25, 4
3900, 22, 4
4000, 19, 2
4100, 20, 3
4200, 17, 2
4300, 22, 3
4400, 22, 2
4500, 16, 2
4600, 24, 1
4700, 20, 1
4800, 22, 1
4900, 19, 1
5000, 22, 2
5100, 25, 1
5200, 16, 1
5300, 23, 1
5400, 22, 1
5500, 26, 2
5600, 19, 2
5700, 27, 1
5800, 15, 2
5900, 24, 2
6000, 31, 2
6100, 22, 2
6200, 22, 2
6300, 26, 2
6400, 22, 1
6500, 23, 2
6600, 20, 2
6700, 27, 5
6800, 19, 2
6900, 26, 3
7000, 25, 2
7100, 20, 2
7200, 23, 2
7300, 24, 4
7400, 29, 3
7500, 25, 2
7600, 20, 2
7700, 23, 3
7800, 24, 3
7900, 22, 3
8000, 21, 2
8100, 27, 2
8200, 25, 2
8300, 18, 2
8400, 22, 2
8500, 25, 2
8600, 22, 2
8700, 23, 3
8800, 32, 3
8900, 19, 2
9000, 21, 2
9100, 30, 2
9200, 25, 4
9300, 23, 2
9400, 20, 2
9500, 17, 2
9600, 22, 2
9700, 23, 2
9800, 19, 2
9900, 26, 2
10000, 23, 2
10100, 30, 2
10200, 27, 2
10300, 30, 2
10400, 25, 3
10500, 23, 2
10600, 30, 3
10700, 17, 2
10800, 23, 2
10900, 29, 2
11000, 29, 3
11100, 23, 3
11200, 22, 3
11300, 23, 3
11400, 27, 4
11500, 19, 5
11600, 36, 4
11700, 15, 3
11800, 24, 2
11900, 27, 2
12000, 25, 2
12100, 24, 2
12200, 26, 2
12300, 26, 2
12400, 27, 3
12500, 24, 2
12600, 21, 2
12700, 31, 3
12800, 20, 3
12900, 28, 2
13000, 25, 2
13100, 25, 2
13200, 22, 3
13300, 33, 3
13400, 29, 3
13500, 25, 3
13600, 31, 5
13700, 27, 3
13800, 29, 3
13900, 27, 5
14000, 22, 4
14100, 28, 4
14200, 25, 5
14300, 24, 7
14400, 22, 4
14500, 29, 4
14600, 20, 4
14700, 27, 6
14800, 19, 6
14900, 24, 7
15000, 28, 6
15100, 23, 5
15200, 21, 3
15300, 31, 3
15400, 27, 4
15500, 29, 3
15600, 22, 5
15700, 28, 4
15800, 26, 3
15900, 25, 3
16000, 23, 4
16100, 29, 5
16200, 22, 3
16300, 26, 3
16400, 24, 4
16500, 23, 4
16600, 20, 5
16700, 26, 4
16800, 27, 6
16900, 25, 6
17000, 23, 3
17100, 26, 4
17200, 27, 5
17300, 23, 6
17400, 24, 4
17500, 24, 5
17600, 31, 7
17700, 25, 6
17800, 28, 6
17900, 25, 5
18000, 27, 4
18100, 25, 4
18200, 22, 6
18300, 25, 5
18400, 30, 4
18500, 32, 4
18600, 23, 4
18700, 27, 4
18800, 28, 4
18900, 22, 4
19000, 26, 4
19100, 39, 4
19200, 26, 6
19300, 24, 4
19400, 22, 5
19500, 31, 5
19600, 24, 4
19700, 25, 4
19800, 26, 5
19900, 22, 5
20000, 23, 4
20100, 21, 5
20200, 24, 4
20300, 25, 5
20400, 27, 5
20500, 23, 6
20600, 30, 6
20700, 30, 5
20800, 22, 5
20900, 23, 6
21000, 26, 6
21100, 26, 5
21200, 24, 7
21300, 22, 5
21400, 29, 5
21500, 27, 5
21600, 30, 5
21700, 28, 6
21800, 29, 7
21900, 31, 7
22000, 24, 5
22100, 21, 5
22200, 27, 5
22300, 23, 6
22400, 20, 5
22500, 29, 5
22600, 26, 6
22700, 27, 5
22800, 26, 5
22900, 25, 5
23000, 27, 5
23100, 20, 5
23200, 23, 8
23300, 27, 6
23400, 25, 5
23500, 28, 5
23600, 23, 6
23700, 28, 5
23800, 26, 5
23900, 26, 5
24000, 21, 6
24100, 30, 5
24200, 29, 6
24300, 24, 5
24400, 23, 5
24500, 26, 5
24600, 24, 5
24700, 22, 5
24800, 25, 8
24900, 26, 7
25000, 31, 9
25100, 24, 12
25200, 32, 14
25300, 31, 13
25400, 28, 6
25500, 26, 6
25600, 30, 6
25700, 33, 7
25800, 24, 6
25900, 38, 7
26000, 29, 6
26100, 23, 6
26200, 28, 6
26300, 31, 7
26400, 27, 6
26500, 26, 8
26600, 22, 6
26700, 30, 8
26800, 23, 7
26900, 23, 8
27000, 25, 6
27100, 36, 6
27200, 27, 6
27300, 29, 6
27400, 25, 7
27500, 32, 8
27600, 23, 6
27700, 32, 7
27800, 27, 7
27900, 31, 6
28000, 24, 6
28100, 24, 6
28200, 31, 6
28300, 23, 6
28400, 30, 7
28500, 25, 9
28600, 29, 6
28700, 24, 7
28800, 27, 8
28900, 32, 7
29000, 27, 6
29100, 25, 7
29200, 27, 9
29300, 22, 7
29400, 26, 7
29500, 23, 6
29600, 27, 6
29700, 23, 6
29800, 28, 7
29900, 29, 7
30000, 25, 8
30100, 30, 7
30200, 22, 10
30300, 33, 8
30400, 22, 7
30500, 32, 7
30600, 27, 9
30700, 28, 9
30800, 19, 10
30900, 25, 9
31000, 21, 8
31100, 26, 8
31200, 27, 7
31300, 33, 8
31400, 27, 7
31500, 25, 8
31600, 30, 8
31700, 22, 7
31800, 22, 10
31900, 32, 8
32000, 23, 8
32100, 32, 11
32200, 31, 9
32300, 25, 8
32400, 30, 8
32500, 28, 8
32600, 33, 8
32700, 29, 7
32800, 31, 8
32900, 32, 8
33000, 32, 8
33100, 27, 8
33200, 31, 8
33300, 24, 10
33400, 31, 8
33500, 21, 9
33600, 28, 8
33700, 25, 7
33800, 26, 9
33900, 29, 9
34000, 29, 8
34100, 31, 8
34200, 33, 9
34300, 23, 7
34400, 27, 8
34500, 26, 9
34600, 29, 8
34700, 27, 10
34800, 27, 8
34900, 26, 8
35000, 23, 9
35100, 28, 8
35200, 27, 9
35300, 23, 8
35400, 26, 10
35500, 27, 9
35600, 22, 9
35700, 26, 8
35800, 22, 8
35900, 33, 9
36000, 33, 9
36100, 35, 9
36200, 33, 9
36300, 33, 11
36400, 30, 10
36500, 26, 8
36600, 28, 9
36700, 29, 9
36800, 27, 13
36900, 25, 13
37000, 31, 13
37100, 29, 11
37200, 32, 13
37300, 29, 10
37400, 28, 11
37500, 27, 12
37600, 27, 9
37700, 23, 10
37800, 26, 9
37900, 30, 9
38000, 33, 9
38100, 24, 9
38200, 29, 9
38300, 31, 9
38400, 30, 9
38500, 23, 9
38600, 29, 9
38700, 27, 10
38800, 27, 11
38900, 32, 12
39000, 29, 11
39100, 24, 9
39200, 33, 9
39300, 26, 9
39400, 22, 9
39500, 24, 9
39600, 20, 10
39700, 34, 11
39800, 20, 9
39900, 24, 9
40000, 23, 10
40100, 28, 11
40200, 33, 12
40300, 30, 14
40400, 30, 14
40500, 27, 10
40600, 24, 12
40700, 32, 10
40800, 28, 11
40900, 28, 11
41000, 31, 11
41100, 28, 10
41200, 25, 13
41300, 28, 13
41400, 27, 10
41500, 25, 10
41600, 23, 12
41700, 30, 10
41800, 27, 10
41900, 27, 11
42000, 30, 12
42100, 24, 10
42200, 32, 12
42300, 34, 10
42400, 25, 10
42500, 28, 15
42600, 22, 9
42700, 28, 11
42800, 27, 14
42900, 27, 11
43000, 27, 11
43100, 29, 10
43200, 34, 12
43300, 20, 10
43400, 28, 10
43500, 29, 12
43600, 25, 13
43700, 29, 19
43800, 34, 25
43900, 28, 19
44000, 24, 14
44100, 26, 11
44200, 36, 13
44300, 31, 12
44400, 25, 13
44500, 28, 13
44600, 31, 13
44700, 28, 11
44800, 27, 11
44900, 23, 10
45000, 29, 14
45100, 33, 14
45200, 26, 12
45300, 29, 12
45400, 29, 12
45500, 25, 12
45600, 30, 15
45700, 26, 11
45800, 32, 13
45900, 20, 11
46000, 25, 12
46100, 31, 12
46200, 32, 14
46300, 27, 14
46400, 27, 12
46500, 29, 12
46600, 31, 16
46700, 33, 13
46800, 26, 12
46900, 32, 13
47000, 30, 12
47100, 27, 13
47200, 26, 13
47300, 27, 15
47400, 28, 14
47500, 28, 11
47600, 30, 16
47700, 24, 14
47800, 26, 12
47900, 20, 11
48000, 22, 11
48100, 33, 13
48200, 31, 12
48300, 29, 12
48400, 33, 12
48500, 28, 14
48600, 33, 12
48700, 27, 12
48800, 32, 16
48900, 23, 13
49000, 26, 13
49100, 29, 12
49200, 32, 12
49300, 29, 12
49400, 23, 15
49500, 34, 15
49600, 24, 16
49700, 27, 14
49800, 30, 14
49900, 32, 16
50000, 25, 17
50100, 28, 13
50200, 27, 14
50300, 27, 12
50400, 30, 12
50500, 30, 15
50600, 29, 13
50700, 27, 13
50800, 33, 16
50900, 32, 17
51000, 29, 15
51100, 26, 13
51200, 30, 16
51300, 28, 13
51400, 34, 15
51500, 22, 15
51600, 23, 12
51700, 36, 18
51800, 29, 12
51900, 22, 12
52000, 19, 12
52100, 29, 14
52200, 33, 13
52300, 29, 17
52400, 28, 14
52500, 23, 13
52600, 27, 13
52700, 29, 12
52800, 28, 14
52900, 30, 13
53000, 24, 13
53100, 31, 15
53200, 29, 13
53300, 32, 15
53400, 37, 16
53500, 30, 15
53600, 29, 13
53700, 31, 19
53800, 31, 18
53900, 24, 17
54000, 31, 19
54100, 29, 17
54200, 25, 14
54300, 23, 13
54400, 27, 15
54500, 33, 17
54600, 25, 13
54700, 25, 14
54800, 30, 15
54900, 31, 13
55000, 24, 13
55100, 30, 14
55200, 27, 14
55300, 23, 16
55400, 24, 12
55500, 29, 15
55600, 33, 22
55700, 32, 24
55800, 28, 24
55900, 25, 23
56000, 30, 16
56100, 27, 15
56200, 29, 15
56300, 31, 18
56400, 28, 18
56500, 42, 16
56600, 29, 14
56700, 32, 15
56800, 21, 13
56900, 26, 18
57000, 20, 14
57100, 27, 16
57200, 24, 15
57300, 25, 17
57400, 31, 15
57500, 29, 16
57600, 28, 14
57700, 36, 18
57800, 27, 15
57900, 25, 15
58000, 29, 16
58100, 26, 19
58200, 23, 15
58300, 31, 17
58400, 29, 16
58500, 31, 16
58600, 28, 16
58700, 29, 16
58800, 34, 16
58900, 31, 16
59000, 21, 21
59100, 26, 19
59200, 33, 17
59300, 18, 15
59400, 25, 20
59500, 32, 21
59600, 32, 20
59700, 28, 16
59800, 26, 16
59900, 22, 14
60000, 30, 16
60100, 29, 14
60200, 23, 16
60300, 30, 17
60400, 34, 17
60500, 29, 21
60600, 28, 20
60700, 33, 17
60800, 29, 17
60900, 30, 16
61000, 29, 19
61100, 34, 17
61200, 36, 17
61300, 28, 16
61400, 28, 18
61500, 35, 18
61600, 31, 17
61700, 29, 20
61800, 33, 18
61900, 31, 17
62000, 33, 19
62100, 25, 17
62200, 40, 19
62300, 30, 17
62400, 27, 16
62500, 22, 16
62600, 28, 16
62700, 30, 17
62800, 26, 16
62900, 24, 20
63000, 30, 17
63100, 27, 22
63200, 28, 19
63300, 27, 17
63400, 31, 17
63500, 28, 15
63600, 33, 18
63700, 26, 16
63800, 31, 18
63900, 31, 16
64000, 26, 18
64100, 31, 20
64200, 26, 18
64300, 21, 15
64400, 32, 17
64500, 31, 17
64600, 34, 18
64700, 27, 19
64800, 25, 18
64900, 29, 21
65000, 31, 18
65100, 29, 18
65200, 25, 18
65300, 32, 26
65400, 33, 18
65500, 29, 17
65600, 32, 23
65700, 22, 18
65800, 31, 16
65900, 30, 17
66000, 31, 17
66100, 31, 20
66200, 23, 21
66300, 28, 18
66400, 28, 17
66500, 33, 18
66600, 18, 16
66700, 31, 20
66800, 35, 23
66900, 28, 18
67000, 30, 18
67100, 31, 24
67200, 29, 26
67300, 28, 30
67400, 31, 30
67500, 24, 27
67600, 27, 26
67700, 25, 30
67800, 27, 30
67900, 28, 26
68000, 30, 29
68100, 25, 28
68200, 31, 28
68300, 27, 29
68400, 24, 36
68500, 35, 30
68600, 32, 31
68700, 32, 29
68800, 25, 31
68900, 27, 34
69000, 35, 32
69100, 28, 29
69200, 25, 30
69300, 28, 36
69400, 28, 40
69500, 27, 34
69600, 30, 38
69700, 26, 35
69800, 35, 39
69900, 29, 34
70000, 22, 29
70100, 29, 34
70200, 26, 35
70300, 32, 43
70400, 24, 31
70500, 29, 36
70600, 22, 31
70700, 23, 32
70800, 33, 33
70900, 34, 33
71000, 27, 64
71100, 27, 34
71200, 33, 30
71300, 34, 43
71400, 33, 30
71500, 33, 34
71600, 29, 32
71700, 40, 37
71800, 24, 29
71900, 28, 33
72000, 36, 34
72100, 30, 31
72200, 27, 35
72300, 31, 41
72400, 38, 33
72500, 30, 33
72600, 31, 31
72700, 26, 32
72800, 29, 34
72900, 26, 32
73000, 27, 31
73100, 24, 30
73200, 32, 32
73300, 30, 32
73400, 28, 32
73500, 27, 32
73600, 29, 33
73700, 32, 33
73800, 24, 32
73900, 25, 32
74000, 27, 30
74100, 28, 31
74200, 24, 32
74300, 33, 32
74400, 30, 36
74500, 30, 32
74600, 37, 35
74700, 31, 33
74800, 27, 35
74900, 29, 32
75000, 26, 28
75100, 29, 33
75200, 29, 32
75300, 31, 31
75400, 30, 33
75500, 31, 33
75600, 27, 32
75700, 33, 36
75800, 34, 35
75900, 28, 32
76000, 28, 32
76100, 25, 31
76200, 28, 32
76300, 35, 39
76400, 28, 33
76500, 29, 33
76600, 25, 31
76700, 29, 34
76800, 29, 32
76900, 26, 32
77000, 31, 32
77100, 39, 38
77200, 34, 36
77300, 27, 34
77400, 33, 36
77500, 26, 33
77600, 28, 34
77700, 29, 33
77800, 25, 33
77900, 25, 32
78000, 25, 33
78100, 32, 32
78200, 33, 36
78300, 31, 35
78400, 32, 35
78500, 32, 36
78600, 18, 34
78700, 31, 33
78800, 29, 33
78900, 27, 35
79000, 32, 32
79100, 33, 40
79200, 36, 38
79300, 29, 33
79400, 35, 39
79500, 28, 35
79600, 30, 31
79700, 34, 40
79800, 33, 38
79900, 30, 34
80000, 34, 45
80100, 30, 36
80200, 33, 34
80300, 27, 34
80400, 35, 38
80500, 29, 33
80600, 26, 32
80700, 31, 36
80800, 37, 33
80900, 32, 37
81000, 29, 36
81100, 30, 37
81200, 32, 38
81300, 31, 35
81400, 31, 36
81500, 32, 36
81600, 35, 37
81700, 29, 35
81800, 32, 37
81900, 31, 41
82000, 29, 33
82100, 25, 34
82200, 29, 35
82300, 31, 35
82400, 29, 37
82500, 22, 34
82600, 31, 45
82700, 34, 37
82800, 32, 40
82900, 27, 36
83000, 30, 38
83100, 27, 32
83200, 35, 37
83300, 24, 34
83400, 35, 36
83500, 33, 45
83600, 27, 36
83700, 29, 38
83800, 32, 39
83900, 28, 35
84000, 33, 38
84100, 31, 35
84200, 34, 36
84300, 30, 41
84400, 36, 40
84500, 28, 38
84600, 28, 37
84700, 22, 41
84800, 32, 38
84900, 32, 42
85000, 31, 50
85100, 26, 42
85200, 31, 40
85300, 28, 37
85400, 30, 36
85500, 28, 37
85600, 29, 35
85700, 25, 38
85800, 32, 38
85900, 24, 37
86000, 30, 39
86100, 24, 36
86200, 26, 40
86300, 31, 38
86400, 29, 39
86500, 29, 36
86600, 34, 38
86700, 25, 47
86800, 32, 52
86900, 36, 57
87000, 30, 65
87100, 34, 44
87200, 24, 52
87300, 27, 39
87400, 34, 43
87500, 34, 57
87600, 27, 47
87700, 38, 53
87800, 32, 48
87900, 29, 49
88000, 35, 57
88100, 31, 36
88200, 31, 42
88300, 29, 45
88400, 27, 36
88500, 29, 39
88600, 31, 41
88700, 29, 40
88800, 33, 42
88900, 31, 39
89000, 25, 34
89100, 34, 39
89200, 35, 39
89300, 35, 49
89400, 35, 41
89500, 32, 41
89600, 29, 38
89700, 33, 39
89800, 28, 37
89900, 31, 40
90000, 29, 35
90100, 24, 45
90200, 31, 41
90300, 25, 35
90400, 26, 38
90500, 34, 40
90600, 31, 39
90700, 35, 40
90800, 31, 39
90900, 30, 43
91000, 33, 43
91100, 31, 42
91200, 27, 39
91300, 26, 37
91400, 31, 39
91500, 23, 37
91600, 27, 36
91700, 31, 43
91800, 30, 46
91900, 32, 45
92000, 24, 36
92100, 29, 42
92200, 29, 41
92300, 35, 41
92400, 29, 43
92500, 37, 47
92600, 32, 41
92700, 26, 42
92800, 33, 43
92900, 32, 38
93000, 29, 39
93100, 30, 40
93200, 39, 46
93300, 32, 40
93400, 33, 46
93500, 29, 43
93600, 35, 44
93700, 27, 39
93800, 36, 44
93900, 33, 42
94000, 25, 48
94100, 28, 41
94200, 36, 45
94300, 30, 41
94400, 31, 41
94500, 25, 38
94600, 31, 40
94700, 24, 44
94800, 38, 45
94900, 30, 44
95000, 28, 44
95100, 32, 44
95200, 28, 43
95300, 29, 46
95400, 25, 52
95500, 28, 55
95600, 31, 54
95700, 37, 57
95800, 29, 57
95900, 32, 52
96000, 35, 60
96100, 32, 52
96200, 28, 67
96300, 31, 55
96400, 31, 56
96500, 32, 86
96600, 34, 95
96700, 28, 46
96800, 30, 47
96900, 22, 40
97000, 33, 43
97100, 34, 44
97200, 33, 44
97300, 31, 40
97400, 33, 42
97500, 27, 48
97600, 31, 57
97700, 32, 49
97800, 34, 44
97900, 35, 45
98000, 25, 54
98100, 32, 78
98200, 37, 55
98300, 32, 55
98400, 26, 50
98500, 31, 63
98600, 33, 60
98700, 45, 58
98800, 25, 44
98900, 25, 45
99000, 26, 42
99100, 24, 42
99200, 23, 43
99300, 27, 43
99400, 33, 44
99500, 30, 45
99600, 30, 45
99700, 35, 49
99800, 28, 42
99900, 23, 49
100000, 31, 47
