points, hull, time
100, 4, 5
200, 4, 2
300, 4, 1
400, 4, 1
500, 4, 2
600, 4, 1
700, 4, 1
800, 4, 2
900, 4, 1
1000, 4, 4
1100, 4, 1
1200, 4, 2
1300, 4, 3
1400, 4, 1
1500, 4, 2
1600, 4, 2
1700, 4, 2
1800, 4, 2
1900, 4, 1
2000, 4, 1
2100, 4, 2
2200, 4, 2
2300, 4, 2
2400, 4, 2
2500, 4, 3
2600, 4, 2
2700, 4, 4
2800, 4, 5
2900, 4, 3
3000, 4, 3
3100, 4, 3
3200, 4, 2
3300, 4, 2
3400, 4, 3
3500, 4, 3
3600, 4, 3
3700, 4, 1
3800, 4, 1
3900, 4, 1
4000, 4, 2
4100, 4, 1
4200, 4, 1
4300, 4, 3
4400, 4, 2
4500, 4, 2
4600, 4, 1
4700, 4, 1
4800, 4, 1
4900, 4, 1
5000, 4, 2
5100, 4, 1
5200, 4, 2
5300, 4, 2
5400, 4, 2
5500, 4, 1
5600, 4, 2
5700, 4, 1
5800, 4, 1
5900, 4, 2
6000, 4, 2
6100, 4, 1
6200, 4, 1
6300, 4, 2
6400, 4, 2
6500, 4, 2
6600, 4, 2
6700, 4, 4
6800, 4, 1
6900, 4, 1
7000, 4, 1
7100, 4, 1
7200, 4, 1
7300, 4, 1
7400, 4, 1
7500, 4, 1
7600, 4, 1
7700, 4, 2
7800, 4, 1
7900, 4, 2
8000, 4, 2
8100, 4, 3
8200, 4, 1
8300, 4, 1
8400, 4, 1
8500, 4, 1
8600, 4, 2
8700, 4, 2
8800, 4, 2
8900, 4, 2
9000, 4, 5
9100, 4, 1
9200, 4, 1
9300, 4, 1
9400, 4, 1
9500, 4, 2
9600, 4, 1
9700, 4, 1
9800, 4, 2
9900, 4, 2
10000, 4, 2
10100, 4, 2
10200, 4, 2
10300, 4, 2
10400, 4, 2
10500, 4, 2
10600, 4, 2
10700, 4, 2
10800, 4, 2
10900, 4, 2
11000, 4, 4
11100, 4, 4
11200, 4, 4
11300, 4, 3
11400, 4, 4
11500, 4, 4
11600, 4, 5
11700, 4, 2
11800, 4, 2
11900, 4, 2
12000, 4, 2
12100, 4, 2
12200, 4, 2
12300, 4, 3
12400, 4, 3
12500, 4, 4
12600, 4, 3
12700, 4, 3
12800, 4, 3
12900, 4, 3
13000, 4, 3
13100, 4, 4
13200, 4, 4
13300, 4, 4
13400, 4, 3
13500, 4, 3
13600, 4, 3
13700, 4, 7
13800, 4, 7
13900, 4, 6
14000, 4, 5
14100, 4, 9
14200, 4, 6
14300, 4, 5
14400, 4, 4
14500, 4, 4
14600, 4, 4
14700, 4, 6
14800, 4, 6
14900, 4, 6
15000, 4, 3
15100, 4, 3
15200, 4, 3
15300, 4, 3
15400, 4, 3
15500, 4, 3
15600, 4, 3
15700, 4, 3
15800, 4, 4
15900, 4, 4
16000, 4, 3
16100, 4, 4
16200, 4, 3
16300, 4, 3
16400, 4, 3
16500, 4, 3
16600, 4, 5
16700, 4, 5
16800, 4, 4
16900, 4, 3
17000, 4, 5
17100, 4, 4
17200, 4, 6
17300, 4, 6
17400, 4, 5
17500, 4, 5
17600, 4, 4
17700, 4, 3
17800, 4, 3
17900, 4, 3
18000, 4, 3
18100, 4, 3
18200, 4, 4
18300, 4, 4
18400, 4, 3
18500, 4, 4
18600, 4, 5
18700, 4, 5
18800, 4, 4
18900, 4, 7
19000, 4, 4
19100, 4, 4
19200, 4, 4
19300, 4, 4
19400, 4, 4
19500, 4, 4
19600, 4, 4
19700, 4, 4
19800, 4, 4
19900, 4, 5
20000, 4, 5
20100, 4, 5
20200, 4, 4
20300, 4, 4
20400, 4, 5
20500, 4, 5
20600, 4, 4
20700, 4, 4
20800, 4, 4
20900, 4, 4
21000, 4, 4
21100, 4, 6
21200, 4, 5
21300, 4, 4
21400, 4, 4
21500, 4, 4
21600, 4, 4
21700, 4, 4
21800, 4, 4
21900, 4, 4
22000, 4, 5
22100, 4, 6
22200, 4, 4
22300, 4, 4
22400, 4, 4
22500, 4, 5
22600, 4, 4
22700, 4, 5
22800, 4, 5
22900, 4, 5
23000, 4, 6
23100, 4, 4
23200, 4, 4
23300, 4, 5
23400, 4, 5
23500, 4, 4
23600, 4, 4
23700, 4, 4
23800, 4, 4
23900, 4, 4
24000, 4, 4
24100, 4, 4
24200, 4, 4
24300, 4, 4
24400, 4, 4
24500, 4, 4
24600, 4, 4
24700, 4, 16
24800, 4, 10
24900, 4, 10
25000, 4, 8
25100, 4, 7
25200, 4, 7
25300, 4, 5
25400, 4, 6
25500, 4, 6
25600, 4, 5
25700, 4, 6
25800, 4, 7
25900, 4, 8
26000, 4, 7
26100, 4, 5
26200, 4, 6
26300, 4, 6
26400, 4, 5
26500, 4, 5
26600, 4, 7
26700, 4, 5
26800, 4, 5
26900, 4, 6
27000, 4, 6
27100, 4, 7
27200, 4, 5
27300, 4, 6
27400, 4, 5
27500, 4, 6
27600, 4, 5
27700, 4, 5
27800, 4, 5
27900, 4, 9
28000, 4, 6
28100, 4, 5
28200, 4, 9
28300, 4, 8
28400, 4, 10
28500, 4, 7
28600, 4, 7
28700, 4, 6
28800, 4, 5
28900, 4, 6
29000, 4, 6
29100, 4, 9
29200, 4, 10
29300, 4, 6
29400, 4, 7
29500, 4, 6
29600, 4, 7
29700, 4, 10
29800, 4, 9
29900, 4, 8
30000, 4, 7
30100, 4, 11
30200, 4, 8
30300, 4, 9
30400, 4, 6
30500, 4, 8
30600, 4, 8
30700, 4, 8
30800, 4, 7
30900, 4, 7
31000, 4, 8
31100, 4, 8
31200, 4, 7
31300, 4, 9
31400, 4, 6
31500, 4, 10
31600, 4, 7
31700, 4, 10
31800, 4, 7
31900, 4, 7
32000, 4, 9
32100, 4, 8
32200, 4, 7
32300, 4, 7
32400, 4, 7
32500, 4, 9
32600, 4, 7
32700, 4, 7
32800, 4, 8
32900, 4, 6
33000, 4, 9
33100, 4, 6
33200, 4, 12
33300, 4, 10
33400, 4, 8
33500, 4, 13
33600, 4, 8
33700, 4, 9
33800, 4, 9
33900, 4, 8
34000, 4, 7
34100, 4, 8
34200, 4, 8
34300, 4, 9
34400, 4, 10
34500, 4, 8
34600, 4, 9
34700, 4, 8
34800, 4, 20
34900, 4, 11
35000, 4, 10
35100, 4, 7
35200, 4, 7
35300, 4, 8
35400, 4, 7
35500, 4, 9
35600, 4, 10
35700, 4, 12
35800, 4, 7
35900, 4, 7
36000, 4, 9
36100, 4, 11
36200, 4, 8
36300, 4, 9
36400, 4, 10
36500, 4, 12
36600, 4, 8
36700, 4, 9
36800, 4, 8
36900, 4, 7
37000, 4, 9
37100, 4, 7
37200, 4, 9
37300, 4, 8
37400, 4, 9
37500, 4, 8
37600, 4, 8
37700, 4, 8
37800, 4, 9
37900, 4, 10
38000, 4, 10
38100, 4, 8
38200, 4, 7
38300, 4, 10
38400, 4, 8
38500, 4, 7
38600, 4, 9
38700, 4, 10
38800, 4, 7
38900, 4, 9
39000, 4, 9
39100, 4, 9
39200, 4, 9
39300, 4, 9
39400, 4, 9
39500, 4, 12
39600, 4, 9
39700, 4, 8
39800, 4, 9
39900, 4, 12
40000, 4, 11
40100, 4, 12
40200, 4, 13
40300, 4, 12
40400, 4, 9
40500, 4, 13
40600, 4, 13
40700, 4, 11
40800, 4, 9
40900, 4, 12
41000, 4, 10
41100, 4, 11
41200, 4, 13
41300, 4, 9
41400, 4, 10
41500, 4, 15
41600, 4, 11
41700, 4, 10
41800, 4, 14
41900, 4, 12
42000, 4, 10
42100, 4, 12
42200, 4, 12
42300, 4, 10
42400, 4, 10
42500, 4, 9
42600, 4, 12
42700, 4, 10
42800, 4, 10
42900, 4, 11
43000, 4, 11
43100, 4, 10
43200, 4, 12
43300, 4, 10
43400, 4, 9
43500, 4, 12
43600, 4, 12
43700, 4, 14
43800, 4, 10
43900, 4, 11
44000, 4, 12
44100, 4, 11
44200, 4, 12
44300, 4, 10
44400, 4, 21
44500, 4, 18
44600, 4, 21
44700, 4, 17
44800, 4, 15
44900, 4, 11
45000, 4, 10
45100, 4, 11
45200, 4, 11
45300, 4, 15
45400, 4, 8
45500, 4, 10
45600, 4, 11
45700, 4, 16
45800, 4, 11
45900, 4, 14
46000, 4, 12
46100, 4, 10
46200, 4, 12
46300, 4, 11
46400, 4, 16
46500, 4, 13
46600, 4, 14
46700, 4, 12
46800, 4, 18
46900, 4, 18
47000, 4, 15
47100, 4, 18
47200, 4, 12
47300, 4, 9
47400, 4, 14
47500, 4, 11
47600, 4, 13
47700, 4, 9
47800, 4, 11
47900, 4, 13
48000, 4, 13
48100, 4, 17
48200, 4, 13
48300, 4, 13
48400, 4, 14
48500, 4, 12
48600, 4, 10
48700, 4, 10
48800, 4, 10
48900, 4, 9
49000, 4, 10
49100, 4, 15
49200, 4, 14
49300, 4, 15
49400, 4, 16
49500, 4, 11
49600, 4, 10
49700, 4, 11
49800, 4, 15
49900, 4, 14
50000, 4, 14
50100, 4, 12
50200, 4, 11
50300, 4, 15
50400, 4, 13
50500, 4, 14
50600, 4, 14
50700, 4, 14
50800, 4, 11
50900, 4, 11
51000, 4, 12
51100, 4, 10
51200, 4, 14
51300, 4, 10
51400, 4, 10
51500, 4, 12
51600, 4, 17
51700, 4, 11
51800, 4, 12
51900, 4, 10
52000, 4, 11
52100, 4, 10
52200, 4, 13
52300, 4, 12
52400, 4, 11
52500, 4, 12
52600, 4, 12
52700, 4, 10
52800, 4, 14
52900, 4, 16
53000, 4, 16
53100, 4, 13
53200, 4, 14
53300, 4, 13
53400, 4, 12
53500, 4, 14
53600, 4, 13
53700, 4, 14
53800, 4, 15
53900, 4, 20
54000, 4, 10
54100, 4, 11
54200, 4, 10
54300, 4, 11
54400, 4, 11
54500, 4, 10
54600, 4, 10
54700, 4, 10
54800, 4, 10
54900, 4, 11
55000, 4, 14
55100, 4, 14
55200, 4, 14
55300, 4, 18
55400, 4, 12
55500, 4, 19
55600, 4, 15
55700, 4, 11
55800, 4, 13
55900, 4, 11
56000, 4, 15
56100, 4, 11
56200, 4, 11
56300, 4, 11
56400, 4, 10
56500, 4, 14
56600, 4, 14
56700, 4, 11
56800, 4, 11
56900, 4, 14
57000, 4, 17
57100, 4, 22
57200, 4, 14
57300, 4, 17
57400, 4, 13
57500, 4, 11
57600, 4, 12
57700, 4, 12
57800, 4, 16
57900, 4, 11
58000, 4, 12
58100, 4, 16
58200, 4, 11
58300, 4, 12
58400, 4, 12
58500, 4, 12
58600, 4, 18
58700, 4, 16
58800, 4, 15
58900, 4, 16
59000, 4, 13
59100, 4, 18
59200, 4, 22
59300, 4, 17
59400, 4, 21
59500, 4, 14
59600, 4, 16
59700, 4, 12
59800, 4, 13
59900, 4, 11
60000, 4, 15
60100, 4, 17
60200, 4, 13
60300, 4, 16
60400, 4, 14
60500, 4, 12
60600, 4, 12
60700, 4, 11
60800, 4, 14
60900, 4, 16
61000, 4, 13
61100, 4, 13
61200, 4, 15
61300, 4, 13
61400, 4, 14
61500, 4, 22
61600, 4, 16
61700, 4, 15
61800, 4, 17
61900, 4, 16
62000, 4, 14
62100, 4, 14
62200, 4, 14
62300, 4, 12
62400, 4, 15
62500, 4, 14
62600, 4, 17
62700, 4, 14
62800, 4, 13
62900, 4, 13
63000, 4, 16
63100, 4, 13
63200, 4, 12
63300, 4, 14
63400, 4, 13
63500, 4, 12
63600, 4, 15
63700, 4, 14
63800, 4, 18
63900, 4, 13
64000, 4, 17
64100, 4, 16
64200, 4, 14
64300, 4, 14
64400, 4, 15
64500, 4, 13
64600, 4, 14
64700, 4, 14
64800, 4, 16
64900, 4, 16
65000, 4, 13
65100, 4, 14
65200, 4, 14
65300, 4, 12
65400, 4, 12
65500, 4, 13
65600, 4, 13
65700, 4, 13
65800, 4, 14
65900, 4, 17
66000, 4, 29
66100, 4, 20
66200, 4, 14
66300, 4, 14
66400, 4, 15
66500, 4, 13
66600, 4, 13
66700, 4, 15
66800, 4, 18
66900, 4, 15
67000, 4, 16
67100, 4, 16
67200, 4, 13
67300, 4, 13
67400, 4, 15
67500, 4, 14
67600, 4, 15
67700, 4, 13
67800, 4, 13
67900, 4, 13
68000, 4, 14
68100, 4, 17
68200, 4, 15
68300, 4, 13
68400, 4, 13
68500, 4, 13
68600, 4, 16
68700, 4, 13
68800, 4, 16
68900, 4, 16
69000, 4, 13
69100, 4, 15
69200, 4, 18
69300, 4, 14
69400, 4, 13
69500, 4, 13
69600, 4, 15
69700, 4, 14
69800, 4, 16
69900, 4, 13
70000, 4, 16
70100, 4, 20
70200, 4, 25
70300, 4, 24
70400, 4, 23
70500, 4, 22
70600, 4, 23
70700, 4, 22
70800, 4, 22
70900, 4, 21
71000, 4, 23
71100, 4, 24
71200, 4, 28
71300, 4, 24
71400, 4, 24
71500, 4, 24
71600, 4, 23
71700, 4, 25
71800, 4, 25
71900, 4, 22
72000, 4, 21
72100, 4, 23
72200, 4, 26
72300, 4, 23
72400, 4, 24
72500, 4, 23
72600, 4, 24
72700, 4, 25
72800, 4, 24
72900, 4, 25
73000, 4, 23
73100, 4, 23
73200, 4, 30
73300, 4, 25
73400, 4, 23
73500, 4, 24
73600, 4, 24
73700, 4, 24
73800, 4, 24
73900, 4, 22
74000, 4, 25
74100, 4, 24
74200, 4, 24
74300, 4, 25
74400, 4, 24
74500, 4, 24
74600, 4, 27
74700, 4, 23
74800, 4, 25
74900, 4, 26
75000, 4, 26
75100, 4, 29
75200, 4, 25
75300, 4, 24
75400, 4, 25
75500, 4, 26
75600, 4, 24
75700, 4, 25
75800, 4, 24
75900, 4, 25
76000, 4, 25
76100, 4, 26
76200, 4, 23
76300, 4, 27
76400, 4, 25
76500, 4, 24
76600, 4, 27
76700, 4, 25
76800, 4, 25
76900, 4, 25
77000, 4, 30
77100, 4, 26
77200, 4, 26
77300, 4, 27
77400, 4, 26
77500, 4, 27
77600, 4, 26
77700, 4, 25
77800, 4, 25
77900, 4, 29
78000, 4, 25
78100, 4, 26
78200, 4, 30
78300, 4, 28
78400, 4, 32
78500, 4, 29
78600, 4, 28
78700, 4, 26
78800, 4, 30
78900, 4, 26
79000, 4, 27
79100, 4, 26
79200, 4, 26
79300, 4, 26
79400, 4, 25
79500, 4, 26
79600, 4, 27
79700, 4, 32
79800, 4, 26
79900, 4, 27
80000, 4, 24
80100, 4, 26
80200, 4, 27
80300, 4, 23
80400, 4, 25
80500, 4, 25
80600, 4, 31
80700, 4, 29
80800, 4, 26
80900, 4, 27
81000, 4, 26
81100, 4, 26
81200, 4, 24
81300, 4, 26
81400, 4, 25
81500, 4, 33
81600, 4, 28
81700, 4, 26
81800, 4, 27
81900, 4, 27
82000, 4, 26
82100, 4, 27
82200, 4, 27
82300, 4, 26
82400, 4, 32
82500, 4, 28
82600, 4, 27
82700, 4, 26
82800, 4, 28
82900, 4, 28
83000, 4, 25
83100, 4, 25
83200, 4, 30
83300, 4, 29
83400, 4, 29
83500, 4, 28
83600, 4, 30
83700, 4, 27
83800, 4, 29
83900, 4, 28
84000, 4, 26
84100, 4, 35
84200, 4, 29
84300, 4, 28
84400, 4, 35
84500, 4, 31
84600, 4, 29
84700, 4, 29
84800, 4, 27
84900, 4, 33
85000, 4, 28
85100, 4, 28
85200, 4, 28
85300, 4, 29
85400, 4, 31
85500, 4, 27
85600, 4, 28
85700, 4, 26
85800, 4, 29
85900, 4, 27
86000, 4, 27
86100, 4, 28
86200, 4, 29
86300, 4, 28
86400, 4, 28
86500, 4, 28
86600, 4, 34
86700, 4, 27
86800, 4, 31
86900, 4, 29
87000, 4, 26
87100, 4, 29
87200, 4, 29
87300, 4, 29
87400, 4, 32
87500, 4, 27
87600, 4, 28
87700, 4, 31
87800, 4, 27
87900, 4, 29
88000, 4, 28
88100, 4, 29
88200, 4, 35
88300, 4, 31
88400, 4, 29
88500, 4, 29
88600, 4, 29
88700, 4, 29
88800, 4, 28
88900, 4, 28
89000, 4, 35
89100, 4, 30
89200, 4, 30
89300, 4, 29
89400, 4, 30
89500, 4, 26
89600, 4, 30
89700, 4, 31
89800, 4, 34
89900, 4, 29
90000, 4, 29
90100, 4, 42
90200, 4, 39
90300, 4, 30
90400, 4, 29
90500, 4, 31
90600, 4, 41
90700, 4, 31
90800, 4, 30
90900, 4, 38
91000, 4, 40
91100, 4, 50
91200, 4, 50
91300, 4, 51
91400, 4, 65
91500, 4, 64
91600, 4, 62
91700, 4, 48
91800, 4, 42
91900, 4, 30
92000, 4, 30
92100, 4, 31
92200, 4, 30
92300, 4, 37
92400, 4, 32
92500, 4, 29
92600, 4, 33
92700, 4, 30
92800, 4, 31
92900, 4, 31
93000, 4, 35
93100, 4, 33
93200, 4, 32
93300, 4, 36
93400, 4, 35
93500, 4, 34
93600, 4, 31
93700, 4, 31
93800, 4, 33
93900, 4, 31
94000, 4, 32
94100, 4, 37
94200, 4, 41
94300, 4, 35
94400, 4, 30
94500, 4, 35
94600, 4, 35
94700, 4, 31
94800, 4, 32
94900, 4, 31
95000, 4, 33
95100, 4, 36
95200, 4, 34
95300, 4, 33
95400, 4, 33
95500, 4, 32
95600, 4, 32
95700, 4, 32
95800, 4, 31
95900, 4, 32
96000, 4, 37
96100, 4, 31
96200, 4, 31
96300, 4, 30
96400, 4, 32
96500, 4, 32
96600, 4, 32
96700, 4, 33
96800, 4, 33
96900, 4, 39
97000, 4, 32
97100, 4, 32
97200, 4, 32
97300, 4, 32
97400, 4, 33
97500, 4, 32
97600, 4, 32
97700, 4, 33
97800, 4, 39
97900, 4, 33
98000, 4, 32
98100, 4, 32
98200, 4, 32
98300, 4, 33
98400, 4, 33
98500, 4, 32
98600, 4, 31
98700, 4, 34
98800, 4, 31
98900, 4, 35
99000, 4, 33
99100, 4, 33
99200, 4, 33
99300, 4, 33
99400, 4, 34
99500, 4, 39
99600, 4, 33
99700, 4, 32
99800, 4, 32
99900, 4, 33
100000, 4, 33
